349.228
329.628
349.228
261.626
440
349.228
391.995
349.228
391.995
261.626
466.164
391.995
440
349.228
698.457
659.255
587.33
659.255
698.457
659.255
698.457
523.251
587.33
440
466.164
440
466.164
391.995
523.251
391.995
440
466.164
440
391.995
349.228
440
391.995
440
391.995
349.228
329.628
391.995
349.228
329.628
349.228
391.995
440
349.228
391.995
349.228
391.995
440
466.164
391.995
440
391.995
440
466.164
523.251
440
466.164
440
466.164
523.251
587.33
466.164
523.251
466.164
523.251
349.228
622.254
523.251
587.33
523.251
587.33
349.228
698.457
587.33
622.254
587.33
622.254
698.457
783.991
880
932.327
880
932.327
1046.5
880
932.327
1046.5
932.327
880
783.991
698.457
622.254
587.33
698.457
783.991
698.457
622.254
587.33
622.254
587.33
622.254
523.251
698.457
440
466.164
440
466.164
523.251
440
466.164
523.251
466.164
523.251
587.33
466.164
523.251
587.33
523.251
587.33
622.254
698.457
783.991
440
523.251
466.164
440
391.995
349.228
466.164
440
466.164
349.228
587.33
466.164
523.251
466.164
523.251
349.228
622.254
523.251
587.33
349.228
466.164
440
391.995
440
466.164
440
466.164
349.228
391.995
293.665
311.127
293.665
311.127
261.626
349.228
261.626
293.665
261.626
293.665
349.228
233.082
293.665
261.626
233.082
261.626
311.127
220
261.626
233.082
220
233.082
261.626
293.665
311.127
349.228
391.995
440
466.164
523.251
440
587.33
523.251
587.33
622.254
698.457
783.991
880
932.327
1046.5
783.991
880
622.254
