34
33
34
31
36
34
35
34
35
31
-37
35
36
34
44
43
42
43
44
43
44
41
42
36
-37
36
-37
35
41
35
36
-37
36
35
34
36
35
36
35
34
33
35
34
33
34
35
36
34
35
34
35
36
-37
35
36
35
36
-37
41
36
-37
36
-37
41
42
-37
41
-37
41
34
-43
41
42
41
42
34
44
42
-43
42
-43
44
45
46
-47
46
-47
51
46
-47
51
-47
46
45
44
-43
42
44
45
44
-43
42
-43
42
-43
41
44
36
-37
36
-37
41
36
-37
41
-37
41
42
-37
41
42
41
42
-43
44
45
36
41
-37
36
35
34
-37
36
-37
34
42
-37
41
-37
41
34
-43
41
42
34
-37
36
35
36
-37
36
-37
34
35
32
-33
32
-33
31
34
31
32
31
32
34
-27
32
31
-27
31
-33
26
31
-27
26
-27
31
32
-33
34
35
36
-37
41
36
42
41
42
-43
44
45
46
-47
51
45
46
-43